100
2130
2350
2525
2545
2550
2930
3000
3150
3160
3200
3220
3370
3470
3630
3840
4540
4550
4830
6100
6340
6570
7060
7500
7850
7870
8040
8060
8160
8840
9870
9908
9990
10000
10190
10430
10540
10650
11060
11170
11420
11440
11900
12170
12180
12370
12380
12550
12630
12800
12840
12860
13700
15140
15150
15260
15310
17095
17097
17340
17400
18450
18460
18490
19090
19930
20590
20840
21110
21120
21140
21610
21750
21910
21920
21950
21970
21995
21996
22490
22803
22813
22815
22821
22845
22893
23100
23120
23130
23140
23200
23390
24036
24081
24091
24110
24120
24150
24180
24220
24470
24500
24600
24630
24700
24850
24860
25840
25860
25920
25970
27220
27300
28050
28060
28061
29500
29600
29620
29680
31410
31420
32469
32690
32700
33260
33420
33530
33540
33740
34000
34440
34450
34460
34650
34670
34860
35010
35030
35725
36700
37250
37350
37420
37920
37970
37980
37990
38010
38020
38220
38830
38900
39250
39260
39710
40920
41010
42160
42690
42710
42967
43160
44320
45900
46210
46220
46230
46320
46330
46420
46430
47830
47850
47900
48167
48180
48187
50400
50413
50414
50900
51040
51100
56437
58300
58510
58540
61000
61220
63600
65215
65226
65227
65235
65237
65241
65260
65950
71270
72300
72709
72770
72771
72772
72773
72774
73054
73230
90100
90800
91310
91333
91342
91346
91605
91606
91607
91608
91613
91614
91615
92502
92503
92507
95500
96300
96308
96831
99810
99830
99890
100410
100970
101001
102700
102820
102822
104700
105400
105411
105412
105415
105430
106000
107000
109400
113203
115300
200000
200002
200050
200330
200350
200630
201020
201040
201270
201280
201330
201700
201954
201966
201972
202090
202270
202390
202570
202941
202990
203250
203850
203875
203881
204080
204140
205140
205890
205930
206550
206580
206740
206787
207210
207221
207890
208030
208374
209170
209340
209660
210897
210990
211050
212171
212580
212601
212602
212603
212604
213174
213178
213179
213194
214230
214270
214292
214320
214400
214850
215812
215813
215814
215815
215817
215818
215819
215820
215824
215825
215826
215827
216250
216390
216610
217060
217350
217370
217390
217410
217430
217760
217810
217860
217980
218130
218461
218463
218780
218784
218785
218786
218843
218844
219600
219800
220050
220640
221340
221430
222532
222540
222567
222577
222626
222629
222710
222804
222805
222806
222807
223350
223390
223670
223691
223870
224060
224243
224245
224340
224360
224420
225140
225180
226320
226760
226980
226990
226991
226992
226993
226994
226995
226996
226997
226998
226999
227240
227680
227720
227740
228421
228880
228940
229757
229758
230350
230791
230940
231180
231670
231970
231990
232191
233250
233390
234060
234530
234980
235700
236530
237151
237590
237680
237700
238170
238251
238270
238271
238340
238480
238481
238482
238710
239450
239570
240160
240180
240200
240460
241070
241990
242280
242290
243180
243300
243320
244230
244290
244350
244390
245030
245130
245190
245191
245192
245193
246260
246280
246400
246600
247580
247620
247830
247930
249120
249121
249122
249380
249700
250740
251040
251790
251970
252210
252990
253470
253830
254650
255010
255030
255480
256050
256230
256350
256500
257080
257890
258740
261130
261430
262342
263260
263440
264920
264970
265020
265060
265061
265200
265420
266550
266620
266750
266940
267000
267001
267382
267480
267550
268590
268600
269450
270930
271090
271110
271331
271520
271800
271801
271802
272490
273390
273520
273521
273522
273524
273525
273526
273527
274161
274440
275124
275128
276210
277950
277975
278700
278701
279840
280440
280620
281130
281150
281810
281811
281812
282201
282350
284430
284700
285030
285050
285400
286500
286910
286911
286912
286913
286914
286915
287530
287531
287540
287680
288390
288570
288780
288813
288900
289010
289550
290140
290630
291090
291503
291521
291523
291525
291822
291830
292470
292471
292472
292473
292680
292702
292950
292951
292960
293010
293080
293110
293140
293300
293360
293820
294420
295270
295810
296093
296103
296270
296271
296610
296950
297090
297390
297650
297910
298970
299010
299640
299700
299890
300140
300200
300640
300920
300980
300990
300991
300992
301270
301480
301891
302120
303850
304620
304710
305221
305410
306190
306330
306721
306880
307530
309973
310090
310091
310680
311030
311031
311600
312390
313350
313711
314130
314530
314750
315100
315101
315440
315530
315720
315906
315916
316390
316920
317140
317462
317464
317740
318070
318072
318074
318111
318150
318240
318790
318980
318990
319020
319030
319150
319240
319410
319750
320020
320052
320190
320551
320552
320553
320554
320590
320986
320987
320988
320989
321040
321070
321250
322160
322360
322361
322460
322600
322960
324060
324280
324330
324352
324600
324601
324602
324790
324912
324913
325070
325080
325600
326350
326620
326621
326740
326770
327100
327231
327232
328130
328140
328260
328402
328802
328803
328804
328810
328813
328814
328818
329510
330160
330210
330750
330760
331050
331310
331330
331560
331660
333030
333060
333230
333530
333740
333820
333850
333860
334050
334340
334380
334402
334930
335060
335475
335476
335477
335478
335485
335930
335950
336070
336170
336310
336790
337100
337103
337104
338400
338470
338520
338525
338600
338720
338721
338722
338723
338743
338744
338745
338746
338920
339392
339395
339900
341840
341841
341842
341843
341844
341846
341847
341849
341850
342290
342680
342880
344790
345557
345570
346270
346400
346740
346741
346742
347410
347651
348091
348850
349750
350060
350280
350410
350412
350414
350680
350840
351040
351590
351591
352080
352730
352980
352990
353390
354170
354171
354700
354701
354702
354830
355030
355203
355206
355208
355730
356140
356200
356741
356744
356750
356751
357820
358430
358480
358850
359290
359380
359480
359850
360070
360240
360480
360610
361180
362003
362340
363030
363031
363830
365750
366844
366845
368420
368790
368840
368930
369620
370250
371250
371260
371600
371740
371810
372260
372580
373080
373711
375720
375960
377640
377641
378120
378950
379670
380230
380232
380970
381150
381650
382850
383110
383430
383760
383900
383908
383909
384140
384370
384540
385460
385470
386270
387050
387650
387960
388580
389280
389300
390320
391950
392760
392790
393740
393850
394000
394060
394420
394910
396420
396450
396560
396830
398630
399550
399660
399940
400330
400760
400820
400890
400891
400892
400893
400894
400896
400899
400909
400922
400926
400938
400962
400987
400988
400999
401008
401014
401015
401024
401054
401063
401078
401080
401350
401430
401870
402230
403150
403151
403152
403153
403170
403351
404142
404290
404730
405220
405470
405515
405700
406020
406420
406421
406700
407510
407730
407890
408040
408041
408370
408500
408970
409500
410280
410420
412330
412331
412332
412333
412720
412820
412940
412950
414130
414790
417730
417740
418200
418900
419230
419570
419890
420780
420781
421650
421800
421860
421910
423840
424020
424580
424860
425141
425190
425200
425540
425550
425570
425780
425790
425791
425980
425981
426230
426270
426951
426952
427560
427561
427720
427920
428420
428780
428890
429010
429011
430090
430091
430092
430093
430260
430261
430324
431790
431800
432610
432760
433040
433744
433745
433746
433800
434120
435210
435890
436150
436350
436890
437960
437970
438840
439240
439480
439950
440400
441782
441920
442180
443080
443205
443900
446270
446360
446740
447500
449230
449380
449670
449671
450530
450880
451040
451180
451280
451320
451430
452250
452251
452640
452770
452771
453170
453410
453590
453630
454510
455574
455576
455578
455580
455610
455611
455612
456370
456960
457070
457084
457199
457220
457990
458840
458841
459450
460590
460870
462601
462660
462880
464820
469560
470011
470012
471350
471390
471580
471610
471894
471895
471897
472810
472811
472840
472841
472860
472861
473900
474780
474800
474802
474803
476390
476391
476392
476620
476869
477040
477780
477781
477820
477940
477942
480540
480550
483810
483941
485990
486160
487460
488010
488250
488260
488821
488822
488823
488824
489890
492580
492581
493420
494510
494881
495360
497630
497990
498220
498390
499530
499590
499950
500400
502790
503380
504680
506660
506770
507320
508560
508590
508770
508771
508772
509840
510140
511480
514330
514331
514332
514450
515680
520480
520960
522331
523380
524020
524040
524041
524042
524043
526121
526561
526571
526600
526680
526840
527180
527200
527201
527202
527203
527204
527205
529350
529430
529720
530940
531800
532820
532940
533590
533591
533592
534160
536610
537320
537321
537322
537324
538870
540070
542530
543750
544270
544830
545260
546311
546810
547400
547530
548660
549680
550460
550461
551740
552190
553030
553500
554272
554950
555440
556350
556970
557980
558080
559040
559470
559840
561030
561040
561050
562630
564200
564490
565050
565410
565622
567730
568010
568011
568012
568013
568110
568120
568150
572230
572600
573511
573512
573900
575160
576440
576970
577450
579504
579505
579506
579507
579508
579800
581930
581960
582380
582880
583070
584210
584240
585540
586300
586420
586940
588010
588270
591530
592310
593340
593360
595330
595331
595332
595333
596020
596120
596700
598380
602450
602470
602471
602472
602580
602581
602582
602583
602584
602813
603450
607200
609220
612320
612480
613250
616200
620150
624090
625010
627580
627581
627582
629580
630190
630790
630910
630911
630912
630913
630914
630916
630917
630918
630919
632920
635020
636690
636900
638890
639430
639434
639437
639523
641380
641382
641384
642200
645310
646951
648590
649482
649487
649488
649489
649490
649491
649940
650500
650520
650521
650522
650524
650610
650611
651130
651131
651132
651140
656870
658270
666230
666231
666232
666233
667520
672180
677690
677691
677692
677993
679310
681810
681820
681830
681840
682870
684850
689570
691300
692010
695370
695371
696680
696790
697340
697880
700850
700851
703870
704060
706400
707410
709170
709172
709174
709900
710130
710890
711730
711734
711741
711742
713370
714210
716390
716410
717690
719690
719820
721980
723330
724840
728032
730350
731390
733440
734880
735620
736210
740190
745640
746610
747020
747600
751180
751390
751580
751660
752400
754190
757770
759250
759770
760020
761160
762640
762920
766030
768702
768703
774611
774621
774631
774641
776520
777320
779890
779892
779894
779896
779898
780590
781120
787300
788590
792980
793310
793320
793610
793730
795621
799520
799750
802290
802700
802910
803380
803510
811170
812120
813350
815770
816360
817560
819180
820441
822380
824500
827380
831840
836630
836631
836632
839750
840991
842361
842365
842369
842381
842382
842383
843830
845500
848310
848760
848991
851279
851396
851750
855170
855980
856400
859040
859310
862630
862660
863180
863181
863182
867600
868820
870600
870650
872770
873580
873590
874890
874893
879310
879730
879731
885170
885180
887690
891302
893040
893320
893321
893510
894900
895950
896190
896717
897840
898530
898540
900883
901147
904170
906000
906440
907320
907440
915350
920598
920601
928600
929104
933710
934170
934430
935500
938500
939700
940390
946430
946870
948710
948720
948730
949700
951550
952150
957120
957122
957124
957126
960300
961730
963110
963500
965060
966050
966600
968960
969450
969570
969580
969630
970670
971240
971241
971242
971250
971251
971252
971260
971924
971925
971995
971996
971998
971999
976170
977220
978360
980720
987170
988000
989970
990270
991770
991771
996990
998940
999050
1006510
1012220
1012960
1020572
1021740
1021741
1021742
1024660
1028780
1031500
1031510
1036470
1038840
1040880
1044830
1046480
1054873
1057810
1057820
1058040
1061081
1061082
1064000
1065710
1075990
1075993
1075998
1081900
1082350
1082351
1082352
1082353
1087630
1088400
1093270
1099590
1099592
1099594
1100830
1102430
1106780
1108580
1108860
1108870
1108900
1108910
1108920
1111140
1112481
1112482
1112484
1128400
1128550
1128560
1138620
1147154
1150370
1151700
1151710
1151760
1160520
1162342
1165350
1172550
1172552
1173550
1176610
1176611
1177810
1185750
1189110
1191250
1196600
1198830
1202190
1203520
1203530
1205180
1213440
1217401
1237370
1238030
1238101
1258320
1278133
1280390
1281620
1284060
1289920
1300620
1307720
1333173
1335980
1344192
1344194
1345630
1348150
1358750
1361740
1363450
1366960
1395950
1418870
1424800
1431480
1433750
1440320
1449560
1456370
1456373
1473431
1477480
1477490
1484190
1498190
1501170
1501263
1501264
1537530
1541840
1559280
1560930
1575412
1575413
1579150
1619191
1627583
1627584
1627585
1627586
1684141
1687500
1687510
1687520
1689051
1708720
1709400
1723130
1731100
1732550
1732551
1732552
1732553
1732554
1732555
1732556
1732557
1732559
1732630
1732631
1732632
1732633
1732634
1732635
1732636
1732637
1732638
1732639
1732670
1732671
1732672
1732674
1732675
1732676
1732677
1732678
1732700
1732701
1732703
1732704
1732782
1732788
1732789
1732792
1732797
1732798
1732810
1732850
1732851
1732852
1732853
1732854
1732855
1732856
1732857
1738181
1738182
1738205
1738206
1738208
1738209
1738210
1738220
1738222
1738230
1738231
1738232
1738280
1738287
1738288
1738289
1738290
1738291
1738292
1738295
1738310
1738318
1738319
1738330
1738336
1738337
1748920
1751260
1755050
1798430
1800900
1822330
1823180
1831250
1841900
1842810
1850230
1852460
1869700
1869701
1869702
1872840
1874900
1874910
1895670
1904190
1912160
1914041
1914042
1914080
1914081
1914082
1914091
1914092
1925800
1945790
1953070
1954610
1960560
2014464
2014467
2021870
2021871
2051010
2052350
2052351
2052352
2075730
2098610
2098611
2100420
2104731
2104732
2104733
2104734
2123707
2124680
2129230
2139540
2156260
2164240
2168690
2205890
2224420
2257213
2264090
2277190
2279900
2287010
2313101
2316054
2318450
2318451
2336570
2375330
2375440
2376130
2400780
2431630
2441600
2442571
2488140
2488260
2491110
2502200
2505760
2558860
2558870
2576760
2586650
2607670
2612440
2620920
2654310
2654330
2654340
2655310
2658770
2668260
2713860
2713870
2731080
2731090
2743870
2747790
2752470
2763490
2770630
2770940
2770980
2771440
2771450
2863190
2961570
2974820
2974830
2982780
2982790
2995920
3023680
3077610
3155730
3187290
3189200
3189210
3189300
3189310
3199230
3204060
3260140
3319850
3355660
3374120
3404560
3404570
3404580
3455600
3593980
3605020
3641850
3685260
3713320
3737730
3769930
3855750
